//
// This file has been automatically generated.
// Claudio M. Perez
//
#pragma once
template <int ndm, int nip> struct GaussLobatto;


    
template<> struct GaussLobatto<2,4> {
  constexpr static int nip = 4;
  constexpr static int deg = 2;

  constexpr static double pts[4][2] = {
    {                -1.0,                 -1.0},
    {                -1.0,                  1.0},
    {                 1.0,                 -1.0},
    {                 1.0,                  1.0}
  };
  constexpr static double wts[4] = {
      0.99999999999999956,
      0.99999999999999956,
      0.99999999999999956,
      0.99999999999999956
  };
};


template<> struct GaussLobatto<2,9> {
  constexpr static int nip = 9;
  constexpr static int deg = 3;

  constexpr static double pts[9][2] = {
    {-0.99999999999999778, -0.99999999999999778},
    {-0.99999999999999778, 6.6613381477509392e-16},
    {-0.99999999999999778,  0.99999999999999989},
    {6.6613381477509392e-16, -0.99999999999999778},
    {6.6613381477509392e-16, 6.6613381477509392e-16},
    {6.6613381477509392e-16,  0.99999999999999989},
    { 0.99999999999999989, -0.99999999999999778},
    { 0.99999999999999989, 6.6613381477509392e-16},
    { 0.99999999999999989,  0.99999999999999989}
  };
  constexpr static double wts[9] = {
      0.11111111111111206,
      0.44444444444444575,
      0.11111111111111166,
      0.44444444444444575,
       1.7777777777777728,
      0.44444444444444409,
      0.11111111111111166,
      0.44444444444444409,
      0.11111111111111124
  };
};


template<> struct GaussLobatto<2,16> {
  constexpr static int nip = 16;
  constexpr static int deg = 4;

  constexpr static double pts[16][2] = {
    {-0.99999999999999778, -0.99999999999999778},
    {-0.99999999999999778, -0.44721359549995721},
    {-0.99999999999999778,  0.44721359549995876},
    {-0.99999999999999778,                  1.0},
    {-0.44721359549995721, -0.99999999999999778},
    {-0.44721359549995721, -0.44721359549995721},
    {-0.44721359549995721,  0.44721359549995876},
    {-0.44721359549995721,                  1.0},
    { 0.44721359549995876, -0.99999999999999778},
    { 0.44721359549995876, -0.44721359549995721},
    { 0.44721359549995876,  0.44721359549995876},
    { 0.44721359549995876,                  1.0},
    {                 1.0, -0.99999999999999778},
    {                 1.0, -0.44721359549995721},
    {                 1.0,  0.44721359549995876},
    {                 1.0,                  1.0}
  };
  constexpr static double wts[16] = {
      0.02777777777777786,
      0.13888888888888909,
      0.13888888888888903,
     0.027777777777777762,
      0.13888888888888909,
      0.69444444444444431,
      0.69444444444444409,
      0.13888888888888859,
      0.13888888888888903,
      0.69444444444444409,
      0.69444444444444398,
      0.13888888888888856,
     0.027777777777777762,
      0.13888888888888859,
      0.13888888888888856,
     0.027777777777777665
  };
};


template<> struct GaussLobatto<2,25> {
  constexpr static int nip = 25;
  constexpr static int deg = 5;

  constexpr static double pts[25][2] = {
    {-0.99999999999999778, -0.99999999999999778},
    {-0.99999999999999778, -0.65465367070797553},
    {-0.99999999999999778, 6.6613381477509392e-16},
    {-0.99999999999999778,  0.65465367070797753},
    {-0.99999999999999778,                  1.0},
    {-0.65465367070797553, -0.99999999999999778},
    {-0.65465367070797553, -0.65465367070797553},
    {-0.65465367070797553, 6.6613381477509392e-16},
    {-0.65465367070797553,  0.65465367070797753},
    {-0.65465367070797553,                  1.0},
    {6.6613381477509392e-16, -0.99999999999999778},
    {6.6613381477509392e-16, -0.65465367070797553},
    {6.6613381477509392e-16, 6.6613381477509392e-16},
    {6.6613381477509392e-16,  0.65465367070797753},
    {6.6613381477509392e-16,                  1.0},
    { 0.65465367070797753, -0.99999999999999778},
    { 0.65465367070797753, -0.65465367070797553},
    { 0.65465367070797753, 6.6613381477509392e-16},
    { 0.65465367070797753,  0.65465367070797753},
    { 0.65465367070797753,                  1.0},
    {                 1.0, -0.99999999999999778},
    {                 1.0, -0.65465367070797553},
    {                 1.0, 6.6613381477509392e-16},
    {                 1.0,  0.65465367070797753},
    {                 1.0,                  1.0}
  };
  constexpr static double wts[25] = {
      0.00999999999999991,
     0.054444444444444393,
     0.071111111111110764,
     0.054444444444444115,
     0.0099999999999999169,
     0.054444444444444393,
      0.29641975308642188,
      0.38716049382716178,
      0.29641975308642038,
     0.054444444444444434,
     0.071111111111110764,
      0.38716049382716178,
      0.50567901234567869,
      0.38716049382715978,
      0.07111111111111082,
     0.054444444444444115,
      0.29641975308642038,
      0.38716049382715978,
      0.29641975308641888,
     0.054444444444444157,
     0.0099999999999999169,
     0.054444444444444434,
      0.07111111111111082,
     0.054444444444444157,
     0.0099999999999999239
  };
};


template<> struct GaussLobatto<2,36> {
  constexpr static int nip = 36;
  constexpr static int deg = 6;

  constexpr static double pts[36][2] = {
    {-0.99999999999999978, -0.99999999999999978},
    {-0.99999999999999978, -0.76505532392946396},
    {-0.99999999999999978, -0.28523151648064515},
    {-0.99999999999999978,   0.2852315164806456},
    {-0.99999999999999978,  0.76505532392946463},
    {-0.99999999999999978,                  1.0},
    {-0.76505532392946396, -0.99999999999999978},
    {-0.76505532392946396, -0.76505532392946396},
    {-0.76505532392946396, -0.28523151648064515},
    {-0.76505532392946396,   0.2852315164806456},
    {-0.76505532392946396,  0.76505532392946463},
    {-0.76505532392946396,                  1.0},
    {-0.28523151648064515, -0.99999999999999978},
    {-0.28523151648064515, -0.76505532392946396},
    {-0.28523151648064515, -0.28523151648064515},
    {-0.28523151648064515,   0.2852315164806456},
    {-0.28523151648064515,  0.76505532392946463},
    {-0.28523151648064515,                  1.0},
    {  0.2852315164806456, -0.99999999999999978},
    {  0.2852315164806456, -0.76505532392946396},
    {  0.2852315164806456, -0.28523151648064515},
    {  0.2852315164806456,   0.2852315164806456},
    {  0.2852315164806456,  0.76505532392946463},
    {  0.2852315164806456,                  1.0},
    { 0.76505532392946463, -0.99999999999999978},
    { 0.76505532392946463, -0.76505532392946396},
    { 0.76505532392946463, -0.28523151648064515},
    { 0.76505532392946463,   0.2852315164806456},
    { 0.76505532392946463,  0.76505532392946463},
    { 0.76505532392946463,                  1.0},
    {                 1.0, -0.99999999999999978},
    {                 1.0, -0.76505532392946396},
    {                 1.0, -0.28523151648064515},
    {                 1.0,   0.2852315164806456},
    {                 1.0,  0.76505532392946463},
    {                 1.0,                  1.0}
  };
  constexpr static double wts[36] = {
     0.0044444444444442016,
     0.025231663753189318,
     0.036990558469031355,
     0.036990558469031369,
     0.025231663753189155,
      0.00444444444444431,
     0.025231663753189318,
      0.14324329254465956,
      0.21000000000000141,
      0.21000000000000149,
      0.14324329254465862,
     0.025231663753189932,
     0.036990558469031355,
      0.21000000000000141,
      0.30786781856645296,
      0.30786781856645307,
      0.21000000000000005,
     0.036990558469032257,
     0.036990558469031369,
      0.21000000000000149,
      0.30786781856645307,
      0.30786781856645318,
      0.21000000000000013,
     0.036990558469032271,
     0.025231663753189155,
      0.14324329254465862,
      0.21000000000000005,
      0.21000000000000013,
       0.1432432925446577,
     0.025231663753189769,
      0.00444444444444431,
     0.025231663753189932,
     0.036990558469032257,
     0.036990558469032271,
     0.025231663753189769,
     0.0044444444444444184
  };
};


template<> struct GaussLobatto<2,49> {
  constexpr static int nip = 49;
  constexpr static int deg = 7;

  constexpr static double pts[49][2] = {
    {-0.99999999999999756, -0.99999999999999756},
    {-0.99999999999999756, -0.83022389627856374},
    {-0.99999999999999756, -0.46884879347071329},
    {-0.99999999999999756, 2.2204460492503131e-16},
    {-0.99999999999999756,  0.46884879347071506},
    {-0.99999999999999756,  0.83022389627856708},
    {-0.99999999999999756,                  1.0},
    {-0.83022389627856374, -0.99999999999999756},
    {-0.83022389627856374, -0.83022389627856374},
    {-0.83022389627856374, -0.46884879347071329},
    {-0.83022389627856374, 2.2204460492503131e-16},
    {-0.83022389627856374,  0.46884879347071506},
    {-0.83022389627856374,  0.83022389627856708},
    {-0.83022389627856374,                  1.0},
    {-0.46884879347071329, -0.99999999999999756},
    {-0.46884879347071329, -0.83022389627856374},
    {-0.46884879347071329, -0.46884879347071329},
    {-0.46884879347071329, 2.2204460492503131e-16},
    {-0.46884879347071329,  0.46884879347071506},
    {-0.46884879347071329,  0.83022389627856708},
    {-0.46884879347071329,                  1.0},
    {2.2204460492503131e-16, -0.99999999999999756},
    {2.2204460492503131e-16, -0.83022389627856374},
    {2.2204460492503131e-16, -0.46884879347071329},
    {2.2204460492503131e-16, 2.2204460492503131e-16},
    {2.2204460492503131e-16,  0.46884879347071506},
    {2.2204460492503131e-16,  0.83022389627856708},
    {2.2204460492503131e-16,                  1.0},
    { 0.46884879347071506, -0.99999999999999756},
    { 0.46884879347071506, -0.83022389627856374},
    { 0.46884879347071506, -0.46884879347071329},
    { 0.46884879347071506, 2.2204460492503131e-16},
    { 0.46884879347071506,  0.46884879347071506},
    { 0.46884879347071506,  0.83022389627856708},
    { 0.46884879347071506,                  1.0},
    { 0.83022389627856708, -0.99999999999999756},
    { 0.83022389627856708, -0.83022389627856374},
    { 0.83022389627856708, -0.46884879347071329},
    { 0.83022389627856708, 2.2204460492503131e-16},
    { 0.83022389627856708,  0.46884879347071506},
    { 0.83022389627856708,  0.83022389627856708},
    { 0.83022389627856708,                  1.0},
    {                 1.0, -0.99999999999999756},
    {                 1.0, -0.83022389627856374},
    {                 1.0, -0.46884879347071329},
    {                 1.0, 2.2204460492503131e-16},
    {                 1.0,  0.46884879347071506},
    {                 1.0,  0.83022389627856708},
    {                 1.0,                  1.0}
  };
  constexpr static double wts[49] = {
     0.0022675736961451786,
     0.013182192731503327,
     0.020559303867136548,
     0.023219954648526362,
     0.020559303867136534,
     0.013182192731503263,
     0.0022675736961451426,
     0.013182192731503327,
     0.076632660497828298,
      0.11951836734693898,
       0.1349856535705925,
      0.11951836734693889,
     0.076632660497827937,
     0.013182192731503117,
     0.020559303867136548,
      0.11951836734693898,
       0.1864040741960494,
      0.21052727159947582,
      0.18640407419604926,
      0.11951836734693841,
     0.020559303867136221,
     0.023219954648526362,
       0.1349856535705925,
      0.21052727159947582,
      0.23777233560090719,
      0.21052727159947565,
      0.13498565357059186,
     0.023219954648525991,
     0.020559303867136534,
      0.11951836734693889,
      0.18640407419604926,
      0.21052727159947565,
       0.1864040741960491,
      0.11951836734693831,
     0.020559303867136208,
     0.013182192731503263,
     0.076632660497827937,
      0.11951836734693841,
      0.13498565357059186,
      0.11951836734693831,
     0.076632660497827562,
     0.013182192731503055,
     0.0022675736961451426,
     0.013182192731503117,
     0.020559303867136221,
     0.023219954648525991,
     0.020559303867136208,
     0.013182192731503055,
     0.0022675736961451066
  };
};


template<> struct GaussLobatto<2,64> {
  constexpr static int nip = 64;
  constexpr static int deg = 8;

  constexpr static double pts[64][2] = {
    {-0.99999999999999867, -0.99999999999999867},
    {-0.99999999999999867, -0.87174014850960591},
    {-0.99999999999999867, -0.59170018143314174},
    {-0.99999999999999867, -0.20929921790247863},
    {-0.99999999999999867,  0.20929921790247963},
    {-0.99999999999999867,  0.59170018143314229},
    {-0.99999999999999867,  0.87174014850960679},
    {-0.99999999999999867,                  1.0},
    {-0.87174014850960591, -0.99999999999999867},
    {-0.87174014850960591, -0.87174014850960591},
    {-0.87174014850960591, -0.59170018143314174},
    {-0.87174014850960591, -0.20929921790247863},
    {-0.87174014850960591,  0.20929921790247963},
    {-0.87174014850960591,  0.59170018143314229},
    {-0.87174014850960591,  0.87174014850960679},
    {-0.87174014850960591,                  1.0},
    {-0.59170018143314174, -0.99999999999999867},
    {-0.59170018143314174, -0.87174014850960591},
    {-0.59170018143314174, -0.59170018143314174},
    {-0.59170018143314174, -0.20929921790247863},
    {-0.59170018143314174,  0.20929921790247963},
    {-0.59170018143314174,  0.59170018143314229},
    {-0.59170018143314174,  0.87174014850960679},
    {-0.59170018143314174,                  1.0},
    {-0.20929921790247863, -0.99999999999999867},
    {-0.20929921790247863, -0.87174014850960591},
    {-0.20929921790247863, -0.59170018143314174},
    {-0.20929921790247863, -0.20929921790247863},
    {-0.20929921790247863,  0.20929921790247963},
    {-0.20929921790247863,  0.59170018143314229},
    {-0.20929921790247863,  0.87174014850960679},
    {-0.20929921790247863,                  1.0},
    { 0.20929921790247963, -0.99999999999999867},
    { 0.20929921790247963, -0.87174014850960591},
    { 0.20929921790247963, -0.59170018143314174},
    { 0.20929921790247963, -0.20929921790247863},
    { 0.20929921790247963,  0.20929921790247963},
    { 0.20929921790247963,  0.59170018143314229},
    { 0.20929921790247963,  0.87174014850960679},
    { 0.20929921790247963,                  1.0},
    { 0.59170018143314229, -0.99999999999999867},
    { 0.59170018143314229, -0.87174014850960591},
    { 0.59170018143314229, -0.59170018143314174},
    { 0.59170018143314229, -0.20929921790247863},
    { 0.59170018143314229,  0.20929921790247963},
    { 0.59170018143314229,  0.59170018143314229},
    { 0.59170018143314229,  0.87174014850960679},
    { 0.59170018143314229,                  1.0},
    { 0.87174014850960679, -0.99999999999999867},
    { 0.87174014850960679, -0.87174014850960591},
    { 0.87174014850960679, -0.59170018143314174},
    { 0.87174014850960679, -0.20929921790247863},
    { 0.87174014850960679,  0.20929921790247963},
    { 0.87174014850960679,  0.59170018143314229},
    { 0.87174014850960679,  0.87174014850960679},
    { 0.87174014850960679,                  1.0},
    {                 1.0, -0.99999999999999867},
    {                 1.0, -0.87174014850960591},
    {                 1.0, -0.59170018143314174},
    {                 1.0, -0.20929921790247863},
    {                 1.0,  0.20929921790247963},
    {                 1.0,  0.59170018143314229},
    {                 1.0,  0.87174014850960679},
    {                 1.0,                  1.0}
  };
  constexpr static double wts[64] = {
     0.0012755102040816033,
     0.0075251509694107726,
     0.012182953302982273,
     0.014730671237810637,
     0.014730671237810689,
     0.012182953302982155,
     0.0075251509694108419,
     0.0012755102040816107,
     0.0075251509694107726,
     0.044396271336141352,
     0.071875993280848663,
      0.08690681155710317,
     0.086906811557103475,
     0.071875993280847969,
     0.044396271336141761,
     0.0075251509694108168,
     0.012182953302982273,
     0.071875993280848663,
      0.11636469132719768,
      0.14069905457247878,
       0.1406990545724793,
      0.11636469132719654,
     0.071875993280849329,
     0.012182953302982344,
     0.014730671237810637,
      0.08690681155710317,
      0.14069905457247878,
      0.17012225729130975,
      0.17012225729131036,
      0.14069905457247742,
     0.086906811557103961,
     0.014730671237810722,
     0.014730671237810689,
     0.086906811557103475,
       0.1406990545724793,
      0.17012225729131036,
        0.170122257291311,
      0.14069905457247792,
      0.08690681155710428,
     0.014730671237810775,
     0.012182953302982155,
     0.071875993280847969,
      0.11636469132719654,
      0.14069905457247742,
      0.14069905457247792,
       0.1163646913271954,
     0.071875993280848621,
     0.012182953302982224,
     0.0075251509694108419,
     0.044396271336141761,
     0.071875993280849329,
     0.086906811557103961,
      0.08690681155710428,
     0.071875993280848621,
     0.044396271336142171,
     0.0075251509694108862,
     0.0012755102040816107,
     0.0075251509694108168,
     0.012182953302982344,
     0.014730671237810722,
     0.014730671237810775,
     0.012182953302982224,
     0.0075251509694108862,
     0.0012755102040816182
  };
};


template<> struct GaussLobatto<2,81> {
  constexpr static int nip = 81;
  constexpr static int deg = 9;

  constexpr static double pts[81][2] = {
    {-0.99999999999999845, -0.99999999999999845},
    {-0.99999999999999845, -0.89975799541145873},
    {-0.99999999999999845, -0.67718627951073618},
    {-0.99999999999999845, -0.36311746382617738},
    {-0.99999999999999845,                  0.0},
    {-0.99999999999999845,   0.3631174638261786},
    {-0.99999999999999845,  0.67718627951073829},
    {-0.99999999999999845,  0.89975799541146007},
    {-0.99999999999999845,                  1.0},
    {-0.89975799541145873, -0.99999999999999845},
    {-0.89975799541145873, -0.89975799541145873},
    {-0.89975799541145873, -0.67718627951073618},
    {-0.89975799541145873, -0.36311746382617738},
    {-0.89975799541145873,                  0.0},
    {-0.89975799541145873,   0.3631174638261786},
    {-0.89975799541145873,  0.67718627951073829},
    {-0.89975799541145873,  0.89975799541146007},
    {-0.89975799541145873,                  1.0},
    {-0.67718627951073618, -0.99999999999999845},
    {-0.67718627951073618, -0.89975799541145873},
    {-0.67718627951073618, -0.67718627951073618},
    {-0.67718627951073618, -0.36311746382617738},
    {-0.67718627951073618,                  0.0},
    {-0.67718627951073618,   0.3631174638261786},
    {-0.67718627951073618,  0.67718627951073829},
    {-0.67718627951073618,  0.89975799541146007},
    {-0.67718627951073618,                  1.0},
    {-0.36311746382617738, -0.99999999999999845},
    {-0.36311746382617738, -0.89975799541145873},
    {-0.36311746382617738, -0.67718627951073618},
    {-0.36311746382617738, -0.36311746382617738},
    {-0.36311746382617738,                  0.0},
    {-0.36311746382617738,   0.3631174638261786},
    {-0.36311746382617738,  0.67718627951073829},
    {-0.36311746382617738,  0.89975799541146007},
    {-0.36311746382617738,                  1.0},
    {                 0.0, -0.99999999999999845},
    {                 0.0, -0.89975799541145873},
    {                 0.0, -0.67718627951073618},
    {                 0.0, -0.36311746382617738},
    {                 0.0,                  0.0},
    {                 0.0,   0.3631174638261786},
    {                 0.0,  0.67718627951073829},
    {                 0.0,  0.89975799541146007},
    {                 0.0,                  1.0},
    {  0.3631174638261786, -0.99999999999999845},
    {  0.3631174638261786, -0.89975799541145873},
    {  0.3631174638261786, -0.67718627951073618},
    {  0.3631174638261786, -0.36311746382617738},
    {  0.3631174638261786,                  0.0},
    {  0.3631174638261786,   0.3631174638261786},
    {  0.3631174638261786,  0.67718627951073829},
    {  0.3631174638261786,  0.89975799541146007},
    {  0.3631174638261786,                  1.0},
    { 0.67718627951073829, -0.99999999999999845},
    { 0.67718627951073829, -0.89975799541145873},
    { 0.67718627951073829, -0.67718627951073618},
    { 0.67718627951073829, -0.36311746382617738},
    { 0.67718627951073829,                  0.0},
    { 0.67718627951073829,   0.3631174638261786},
    { 0.67718627951073829,  0.67718627951073829},
    { 0.67718627951073829,  0.89975799541146007},
    { 0.67718627951073829,                  1.0},
    { 0.89975799541146007, -0.99999999999999845},
    { 0.89975799541146007, -0.89975799541145873},
    { 0.89975799541146007, -0.67718627951073618},
    { 0.89975799541146007, -0.36311746382617738},
    { 0.89975799541146007,                  0.0},
    { 0.89975799541146007,   0.3631174638261786},
    { 0.89975799541146007,  0.67718627951073829},
    { 0.89975799541146007,  0.89975799541146007},
    { 0.89975799541146007,                  1.0},
    {                 1.0, -0.99999999999999845},
    {                 1.0, -0.89975799541145873},
    {                 1.0, -0.67718627951073618},
    {                 1.0, -0.36311746382617738},
    {                 1.0,                  0.0},
    {                 1.0,   0.3631174638261786},
    {                 1.0,  0.67718627951073829},
    {                 1.0,  0.89975799541146007},
    {                 1.0,                  1.0}
  };
  constexpr static double wts[81] = {
     0.00077160493827159796,
     0.0045970933766890645,
     0.0076260753472266636,
     0.0096230141936956923,
     0.010319979843789351,
     0.0096230141936956542,
     0.0076260753472266688,
     0.0045970933766890341,
     0.00077160493827159828,
     0.0045970933766890645,
     0.027388714698142261,
     0.045434883487652636,
     0.057332311678456351,
     0.061484716639734031,
     0.057332311678456122,
     0.045434883487652664,
      0.02738871469814208,
     0.0045970933766890671,
     0.0076260753472266636,
     0.045434883487652636,
     0.075371504661246147,
     0.095108037375888133,
      0.10199642325629599,
     0.095108037375887758,
     0.075371504661246189,
     0.045434883487652337,
     0.0076260753472266679,
     0.0096230141936956923,
     0.057332311678456351,
     0.095108037375888133,
       0.1200127132150022,
       0.1287048690200093,
      0.12001271321500172,
     0.095108037375888188,
     0.057332311678455976,
     0.0096230141936956975,
     0.010319979843789351,
     0.061484716639734031,
      0.10199642325629599,
       0.1287048690200093,
      0.13802657123318038,
      0.12870486902000877,
      0.10199642325629606,
     0.061484716639733629,
     0.010319979843789356,
     0.0096230141936956542,
     0.057332311678456122,
     0.095108037375887758,
      0.12001271321500172,
      0.12870486902000877,
      0.12001271321500123,
     0.095108037375887813,
     0.057332311678455747,
     0.0096230141936956594,
     0.0076260753472266688,
     0.045434883487652664,
     0.075371504661246189,
     0.095108037375888188,
      0.10199642325629606,
     0.095108037375887813,
      0.07537150466124623,
     0.045434883487652365,
     0.0076260753472266723,
     0.0045970933766890341,
      0.02738871469814208,
     0.045434883487652337,
     0.057332311678455976,
     0.061484716639733629,
     0.057332311678455747,
     0.045434883487652365,
       0.0273887146981419,
     0.0045970933766890367,
     0.00077160493827159828,
     0.0045970933766890671,
     0.0076260753472266679,
     0.0096230141936956975,
     0.010319979843789356,
     0.0096230141936956594,
     0.0076260753472266723,
     0.0045970933766890367,
     0.00077160493827159872
  };
};


template<> struct GaussLobatto<2,100> {
  constexpr static int nip = 100;
  constexpr static int deg = 10;

  constexpr static double pts[100][2] = {
    {-0.99999999999999956, -0.99999999999999956},
    {-0.99999999999999956, -0.91953390816645775},
    {-0.99999999999999956, -0.73877386510550425},
    {-0.99999999999999956, -0.47792494981044387},
    {-0.99999999999999956, -0.16527895766638712},
    {-0.99999999999999956,  0.16527895766638823},
    {-0.99999999999999956,  0.47792494981044487},
    {-0.99999999999999956,  0.73877386510550513},
    {-0.99999999999999956,  0.91953390816645864},
    {-0.99999999999999956,                  1.0},
    {-0.91953390816645775, -0.99999999999999956},
    {-0.91953390816645775, -0.91953390816645775},
    {-0.91953390816645775, -0.73877386510550425},
    {-0.91953390816645775, -0.47792494981044387},
    {-0.91953390816645775, -0.16527895766638712},
    {-0.91953390816645775,  0.16527895766638823},
    {-0.91953390816645775,  0.47792494981044487},
    {-0.91953390816645775,  0.73877386510550513},
    {-0.91953390816645775,  0.91953390816645864},
    {-0.91953390816645775,                  1.0},
    {-0.73877386510550425, -0.99999999999999956},
    {-0.73877386510550425, -0.91953390816645775},
    {-0.73877386510550425, -0.73877386510550425},
    {-0.73877386510550425, -0.47792494981044387},
    {-0.73877386510550425, -0.16527895766638712},
    {-0.73877386510550425,  0.16527895766638823},
    {-0.73877386510550425,  0.47792494981044487},
    {-0.73877386510550425,  0.73877386510550513},
    {-0.73877386510550425,  0.91953390816645864},
    {-0.73877386510550425,                  1.0},
    {-0.47792494981044387, -0.99999999999999956},
    {-0.47792494981044387, -0.91953390816645775},
    {-0.47792494981044387, -0.73877386510550425},
    {-0.47792494981044387, -0.47792494981044387},
    {-0.47792494981044387, -0.16527895766638712},
    {-0.47792494981044387,  0.16527895766638823},
    {-0.47792494981044387,  0.47792494981044487},
    {-0.47792494981044387,  0.73877386510550513},
    {-0.47792494981044387,  0.91953390816645864},
    {-0.47792494981044387,                  1.0},
    {-0.16527895766638712, -0.99999999999999956},
    {-0.16527895766638712, -0.91953390816645775},
    {-0.16527895766638712, -0.73877386510550425},
    {-0.16527895766638712, -0.47792494981044387},
    {-0.16527895766638712, -0.16527895766638712},
    {-0.16527895766638712,  0.16527895766638823},
    {-0.16527895766638712,  0.47792494981044487},
    {-0.16527895766638712,  0.73877386510550513},
    {-0.16527895766638712,  0.91953390816645864},
    {-0.16527895766638712,                  1.0},
    { 0.16527895766638823, -0.99999999999999956},
    { 0.16527895766638823, -0.91953390816645775},
    { 0.16527895766638823, -0.73877386510550425},
    { 0.16527895766638823, -0.47792494981044387},
    { 0.16527895766638823, -0.16527895766638712},
    { 0.16527895766638823,  0.16527895766638823},
    { 0.16527895766638823,  0.47792494981044487},
    { 0.16527895766638823,  0.73877386510550513},
    { 0.16527895766638823,  0.91953390816645864},
    { 0.16527895766638823,                  1.0},
    { 0.47792494981044487, -0.99999999999999956},
    { 0.47792494981044487, -0.91953390816645775},
    { 0.47792494981044487, -0.73877386510550425},
    { 0.47792494981044487, -0.47792494981044387},
    { 0.47792494981044487, -0.16527895766638712},
    { 0.47792494981044487,  0.16527895766638823},
    { 0.47792494981044487,  0.47792494981044487},
    { 0.47792494981044487,  0.73877386510550513},
    { 0.47792494981044487,  0.91953390816645864},
    { 0.47792494981044487,                  1.0},
    { 0.73877386510550513, -0.99999999999999956},
    { 0.73877386510550513, -0.91953390816645775},
    { 0.73877386510550513, -0.73877386510550425},
    { 0.73877386510550513, -0.47792494981044387},
    { 0.73877386510550513, -0.16527895766638712},
    { 0.73877386510550513,  0.16527895766638823},
    { 0.73877386510550513,  0.47792494981044487},
    { 0.73877386510550513,  0.73877386510550513},
    { 0.73877386510550513,  0.91953390816645864},
    { 0.73877386510550513,                  1.0},
    { 0.91953390816645864, -0.99999999999999956},
    { 0.91953390816645864, -0.91953390816645775},
    { 0.91953390816645864, -0.73877386510550425},
    { 0.91953390816645864, -0.47792494981044387},
    { 0.91953390816645864, -0.16527895766638712},
    { 0.91953390816645864,  0.16527895766638823},
    { 0.91953390816645864,  0.47792494981044487},
    { 0.91953390816645864,  0.73877386510550513},
    { 0.91953390816645864,  0.91953390816645864},
    { 0.91953390816645864,                  1.0},
    {                 1.0, -0.99999999999999956},
    {                 1.0, -0.91953390816645775},
    {                 1.0, -0.73877386510550425},
    {                 1.0, -0.47792494981044387},
    {                 1.0, -0.16527895766638712},
    {                 1.0,  0.16527895766638823},
    {                 1.0,  0.47792494981044487},
    {                 1.0,  0.73877386510550513},
    {                 1.0,  0.91953390816645864},
    {                 1.0,                  1.0}
  };
  constexpr static double wts[100] = {
     0.00049382716049376602,
     0.0029623553522458487,
     0.0049975409347358946,
     0.006489837415103652,
     0.0072786613596416529,
     0.0072786613596417058,
     0.0064898374151036659,
     0.0049975409347358668,
     0.0029623553522458205,
     0.00049382716049379454,
     0.0029623553522458487,
     0.017770487196785943,
     0.029979096575570977,
     0.038931039318726102,
      0.04366301240774239,
     0.043663012407742709,
     0.038931039318726185,
      0.02997909657557081,
     0.017770487196785773,
     0.0029623553522460204,
     0.0049975409347358946,
     0.029979096575570977,
      0.05057521617358713,
      0.06567728698707434,
     0.073660201392160535,
     0.073660201392161062,
     0.065677286987074479,
     0.050575216173586846,
     0.029979096575570689,
     0.0049975409347361843,
     0.006489837415103652,
     0.038931039318726102,
      0.06567728698707434,
     0.085288929090831064,
      0.09565559086794688,
     0.095655590867947574,
     0.085288929090831245,
     0.065677286987073979,
     0.038931039318725727,
     0.0064898374151040284,
     0.0072786613596416529,
      0.04366301240774239,
     0.073660201392160535,
      0.09565559086794688,
      0.10728229515640275,
      0.10728229515640353,
     0.095655590867947074,
     0.073660201392160118,
     0.043663012407741973,
     0.0072786613596420744,
     0.0072786613596417058,
     0.043663012407742709,
     0.073660201392161062,
     0.095655590867947574,
      0.10728229515640353,
      0.10728229515640431,
     0.095655590867947782,
      0.07366020139216066,
     0.043663012407742292,
     0.0072786613596421273,
     0.0064898374151036659,
     0.038931039318726185,
     0.065677286987074479,
     0.085288929090831245,
     0.095655590867947074,
     0.095655590867947782,
     0.085288929090831411,
     0.065677286987074118,
      0.03893103931872581,
     0.0064898374151040415,
     0.0049975409347358668,
      0.02997909657557081,
     0.050575216173586846,
     0.065677286987073979,
     0.073660201392160118,
      0.07366020139216066,
     0.065677286987074118,
     0.050575216173586568,
     0.029979096575570522,
     0.0049975409347361565,
     0.0029623553522458205,
     0.017770487196785773,
     0.029979096575570689,
     0.038931039318725727,
     0.043663012407741973,
     0.043663012407742292,
      0.03893103931872581,
     0.029979096575570522,
     0.017770487196785603,
     0.0029623553522459918,
     0.00049382716049379454,
     0.0029623553522460204,
     0.0049975409347361843,
     0.0064898374151040284,
     0.0072786613596420744,
     0.0072786613596421273,
     0.0064898374151040415,
     0.0049975409347361565,
     0.0029623553522459918,
     0.00049382716049382316
  };
};


template<> struct GaussLobatto<2,121> {
  constexpr static int nip = 121;
  constexpr static int deg = 11;

  constexpr static double pts[121][2] = {
    { -1.0000000000000004,  -1.0000000000000004},
    { -1.0000000000000004, -0.93400143040805816},
    { -1.0000000000000004, -0.78448347366314364},
    { -1.0000000000000004,  -0.5652353269962056},
    { -1.0000000000000004, -0.29575813558693809},
    { -1.0000000000000004, -4.4408920985006262e-16},
    { -1.0000000000000004,  0.29575813558693964},
    { -1.0000000000000004,  0.56523532699620493},
    { -1.0000000000000004,   0.7844834736631443},
    { -1.0000000000000004,  0.93400143040805905},
    { -1.0000000000000004,                  1.0},
    {-0.93400143040805816,  -1.0000000000000004},
    {-0.93400143040805816, -0.93400143040805816},
    {-0.93400143040805816, -0.78448347366314364},
    {-0.93400143040805816,  -0.5652353269962056},
    {-0.93400143040805816, -0.29575813558693809},
    {-0.93400143040805816, -4.4408920985006262e-16},
    {-0.93400143040805816,  0.29575813558693964},
    {-0.93400143040805816,  0.56523532699620493},
    {-0.93400143040805816,   0.7844834736631443},
    {-0.93400143040805816,  0.93400143040805905},
    {-0.93400143040805816,                  1.0},
    {-0.78448347366314364,  -1.0000000000000004},
    {-0.78448347366314364, -0.93400143040805816},
    {-0.78448347366314364, -0.78448347366314364},
    {-0.78448347366314364,  -0.5652353269962056},
    {-0.78448347366314364, -0.29575813558693809},
    {-0.78448347366314364, -4.4408920985006262e-16},
    {-0.78448347366314364,  0.29575813558693964},
    {-0.78448347366314364,  0.56523532699620493},
    {-0.78448347366314364,   0.7844834736631443},
    {-0.78448347366314364,  0.93400143040805905},
    {-0.78448347366314364,                  1.0},
    { -0.5652353269962056,  -1.0000000000000004},
    { -0.5652353269962056, -0.93400143040805816},
    { -0.5652353269962056, -0.78448347366314364},
    { -0.5652353269962056,  -0.5652353269962056},
    { -0.5652353269962056, -0.29575813558693809},
    { -0.5652353269962056, -4.4408920985006262e-16},
    { -0.5652353269962056,  0.29575813558693964},
    { -0.5652353269962056,  0.56523532699620493},
    { -0.5652353269962056,   0.7844834736631443},
    { -0.5652353269962056,  0.93400143040805905},
    { -0.5652353269962056,                  1.0},
    {-0.29575813558693809,  -1.0000000000000004},
    {-0.29575813558693809, -0.93400143040805816},
    {-0.29575813558693809, -0.78448347366314364},
    {-0.29575813558693809,  -0.5652353269962056},
    {-0.29575813558693809, -0.29575813558693809},
    {-0.29575813558693809, -4.4408920985006262e-16},
    {-0.29575813558693809,  0.29575813558693964},
    {-0.29575813558693809,  0.56523532699620493},
    {-0.29575813558693809,   0.7844834736631443},
    {-0.29575813558693809,  0.93400143040805905},
    {-0.29575813558693809,                  1.0},
    {-4.4408920985006262e-16,  -1.0000000000000004},
    {-4.4408920985006262e-16, -0.93400143040805816},
    {-4.4408920985006262e-16, -0.78448347366314364},
    {-4.4408920985006262e-16,  -0.5652353269962056},
    {-4.4408920985006262e-16, -0.29575813558693809},
    {-4.4408920985006262e-16, -4.4408920985006262e-16},
    {-4.4408920985006262e-16,  0.29575813558693964},
    {-4.4408920985006262e-16,  0.56523532699620493},
    {-4.4408920985006262e-16,   0.7844834736631443},
    {-4.4408920985006262e-16,  0.93400143040805905},
    {-4.4408920985006262e-16,                  1.0},
    { 0.29575813558693964,  -1.0000000000000004},
    { 0.29575813558693964, -0.93400143040805816},
    { 0.29575813558693964, -0.78448347366314364},
    { 0.29575813558693964,  -0.5652353269962056},
    { 0.29575813558693964, -0.29575813558693809},
    { 0.29575813558693964, -4.4408920985006262e-16},
    { 0.29575813558693964,  0.29575813558693964},
    { 0.29575813558693964,  0.56523532699620493},
    { 0.29575813558693964,   0.7844834736631443},
    { 0.29575813558693964,  0.93400143040805905},
    { 0.29575813558693964,                  1.0},
    { 0.56523532699620493,  -1.0000000000000004},
    { 0.56523532699620493, -0.93400143040805816},
    { 0.56523532699620493, -0.78448347366314364},
    { 0.56523532699620493,  -0.5652353269962056},
    { 0.56523532699620493, -0.29575813558693809},
    { 0.56523532699620493, -4.4408920985006262e-16},
    { 0.56523532699620493,  0.29575813558693964},
    { 0.56523532699620493,  0.56523532699620493},
    { 0.56523532699620493,   0.7844834736631443},
    { 0.56523532699620493,  0.93400143040805905},
    { 0.56523532699620493,                  1.0},
    {  0.7844834736631443,  -1.0000000000000004},
    {  0.7844834736631443, -0.93400143040805816},
    {  0.7844834736631443, -0.78448347366314364},
    {  0.7844834736631443,  -0.5652353269962056},
    {  0.7844834736631443, -0.29575813558693809},
    {  0.7844834736631443, -4.4408920985006262e-16},
    {  0.7844834736631443,  0.29575813558693964},
    {  0.7844834736631443,  0.56523532699620493},
    {  0.7844834736631443,   0.7844834736631443},
    {  0.7844834736631443,  0.93400143040805905},
    {  0.7844834736631443,                  1.0},
    { 0.93400143040805905,  -1.0000000000000004},
    { 0.93400143040805905, -0.93400143040805816},
    { 0.93400143040805905, -0.78448347366314364},
    { 0.93400143040805905,  -0.5652353269962056},
    { 0.93400143040805905, -0.29575813558693809},
    { 0.93400143040805905, -4.4408920985006262e-16},
    { 0.93400143040805905,  0.29575813558693964},
    { 0.93400143040805905,  0.56523532699620493},
    { 0.93400143040805905,   0.7844834736631443},
    { 0.93400143040805905,  0.93400143040805905},
    { 0.93400143040805905,                  1.0},
    {                 1.0,  -1.0000000000000004},
    {                 1.0, -0.93400143040805816},
    {                 1.0, -0.78448347366314364},
    {                 1.0,  -0.5652353269962056},
    {                 1.0, -0.29575813558693809},
    {                 1.0, -4.4408920985006262e-16},
    {                 1.0,  0.29575813558693964},
    {                 1.0,  0.56523532699620493},
    {                 1.0,   0.7844834736631443},
    {                 1.0,  0.93400143040805905},
    {                 1.0,                  1.0}
  };
  constexpr static double wts[121] = {
     0.00033057851239661824,
     0.0019929504230360084,
     0.003403088759641567,
     0.0045099655320727629,
     0.0052159840868904496,
     0.0054585017355574042,
     0.0052159840868904348,
     0.0045099655320727404,
     0.0034030887596415223,
     0.0019929504230360266,
     0.00033057851239665559,
     0.0019929504230360084,
     0.012014850450757959,
     0.020516116229053871,
     0.027189116587948495,
     0.031445473019872383,
     0.032907533112648851,
       0.0314454730198723,
     0.027189116587948352,
     0.020516116229053603,
      0.01201485045075807,
     0.0019929504230362335,
     0.003403088759641567,
     0.020516116229053871,
     0.035032564645654359,
     0.046427134350928025,
     0.053695131870125007,
     0.056191691849810058,
     0.053695131870124861,
     0.046427134350927782,
     0.035032564645653901,
     0.020516116229054058,
     0.0034030887596419512,
     0.0045099655320727629,
     0.027189116587948495,
     0.046427134350928025,
     0.061527862028979335,
     0.071159823054357113,
     0.074468405419489944,
     0.071159823054356919,
     0.061527862028979023,
     0.046427134350927414,
     0.027189116587948745,
     0.0045099655320732729,
     0.0052159840868904496,
     0.031445473019872383,
     0.053695131870125007,
     0.071159823054357113,
     0.082299632233969452,
     0.086126161027587037,
      0.08229963223396923,
     0.071159823054356738,
     0.053695131870124306,
     0.031445473019872675,
     0.0052159840868910385,
     0.0054585017355574042,
     0.032907533112648851,
     0.056191691849810058,
     0.074468405419489944,
     0.086126161027587037,
      0.09013060462119736,
     0.086126161027586801,
     0.074468405419489556,
     0.056191691849809322,
     0.032907533112649157,
      0.00545850173555802,
     0.0052159840868904348,
       0.0314454730198723,
     0.053695131870124861,
     0.071159823054356919,
      0.08229963223396923,
     0.086126161027586801,
     0.082299632233969008,
     0.071159823054356544,
      0.05369513187012416,
